Webots Project File version R2023b
perspectives: 000000ff00000000fd0000000200000001000000b00000026ffc0200000001fb0000001400540065007800740045006400690074006f007201000000000000026f0000008a00ffffff000000030000054100000070fc0100000001fb0000001a0043006f006e0073006f006c00650041006c006c0041006c006c0100000000000005410000008700ffffff0000048f0000026f00000001000000020000000100000008fc00000000
simulationViewPerspectives: 000000ff0000000100000002000000fc000001870100000002010000000100
sceneTreePerspectives: 000000ff00000001000000030000001e00000117000000fa0100000002010000000200
maximizedDockId: -1
centralWidgetVisible: 1
orthographicViewHeight: 1
textFiles: 0 "controllers/grocery_shopper/grocery_shopper.py"
consoles: Console:All:All
renderingDevicePerspectives: TIAGo Steel:camera;1;0.237037;0;0
renderingDevicePerspectives: TIAGo Steel:display;1;0.0888889;0;0
